0 30 -600
0 10 -100
0 1 0
60
2
-320 40 -120  1 1 1  1 0.001 0.000001
180 210 -100  1 1 1  1 0.001 0.000001
6
solid 1 1 0
solid .5 .6 .95
solid .8 .2 .45
solid .85 .81 0
solid .5 .9 .2
checker .8 .8 .8  1 1 1  40
3
1 0 0 0  0 0 0
0.21 0.81 0.6 80  0 0 0
0.21 0.81 0 0  0 0 0
7
0 0 sphere -340 40 -120  10
0 0 sphere 200 230 -100  10
5 2 plane 0 -100 0  0 1 0
1 1 sphere -250 0 0  90
2 1 circle -60 0 0  0.25 0.5 -.8  60 
3 1 triangle 20 0 -20  80 100 10  110 0 -40 
4 1 cylinder 250 0 0  0 1 -1  50 50 
