0 30 -200
0 10 -100
0 1 0
40
3
0 0 0  1 1 1  1 0 0
60 160 -200  1 1 1  1 0 0
-80 160 200  1 1 1  1 0 0
3
solid 1 1 1
checker .08 .25 .20  .93 .83 .82  40
texture texturas/rainbow.png 0 0.000000000001 0.000001 0  0.000000000001 0 0 0
3
0.8 0 0 0  0 0 1
0.11 0.21 0.3 30  0.7 0 1
0.3 0.40 0.00 1  0.3 0 0
12
2 0 sphere 0 0 0  600000
0 1 sphere 0 32.7 0  20
0 1 sphere -5.98 0 -22.31  20
0 1 sphere -16.32 0 16.32  20
0 1 sphere 22.31 0 5.98  20
0 1 sphere 5.98 -32.66 22.31  20
0 1 sphere 16.32 -32.66 -16.32  20
0 1 sphere -22.31 -32.66 -5.98  20
0 1 sphere -11.95 -32.66 -44.61  20
0 1 sphere -32.66 -32.66 32.66  20
0 1 sphere 44.61 -32.66 11.95  20
1 2 sphere 0 -1000052.66 0  1000000